#x y f(x,y)
-10 -10 1.3839e-087
-10 -9 2.47001e-079
-10 -8 5.9663e-072
-10 -7 1.95039e-065
-10 -6 8.6288e-060
-10 -5 5.16642e-055
-10 -4 4.18639e-051
-10 -3 4.59094e-048
-10 -2 6.81356e-046
-10 -1 1.36854e-044
-10 0 3.72008e-044
-10 1 1.36854e-044
-10 2 6.81356e-046
-10 3 4.59094e-048
-10 4 4.18639e-051
-10 5 5.16642e-055
-10 6 8.6288e-060
-10 7 1.95039e-065
-10 8 5.9663e-072
-10 9 2.47001e-079
-10 10 1.3839e-087
-9 -10 2.47001e-079
-9 -9 4.40853e-071
-9 -8 1.06488e-063
-9 -7 3.48111e-057
-9 -6 1.54009e-051
-9 -5 9.22115e-047
-9 -4 7.47197e-043
-9 -3 8.19401e-040
-9 -2 1.2161e-037
-9 -1 2.4426e-036
-9 0 6.63968e-036
-9 1 2.4426e-036
-9 2 1.2161e-037
-9 3 8.19401e-040
-9 4 7.47197e-043
-9 5 9.22115e-047
-9 6 1.54009e-051
-9 7 3.48111e-057
-9 8 1.06488e-063
-9 9 4.40853e-071
-9 10 2.47001e-079
-8 -10 5.9663e-072
-8 -9 1.06488e-063
-8 -8 2.57221e-056
-8 -7 8.4086e-050
-8 -6 3.72008e-044
-8 -5 2.22736e-039
-8 -4 1.80485e-035
-8 -3 1.97926e-032
-8 -2 2.93748e-030
-8 -1 5.90009e-029
-8 0 1.60381e-028
-8 1 5.90009e-029
-8 2 2.93748e-030
-8 3 1.97926e-032
-8 4 1.80485e-035
-8 5 2.22736e-039
-8 6 3.72008e-044
-8 7 8.4086e-050
-8 8 2.57221e-056
-8 9 1.06488e-063
-8 10 5.9663e-072
-7 -10 1.95039e-065
-7 -9 3.48111e-057
-7 -8 8.4086e-050
-7 -7 2.74879e-043
-7 -6 1.2161e-037
-7 -5 7.28129e-033
-7 -4 5.90009e-029
-7 -3 6.47023e-026
-7 -2 9.60268e-024
-7 -1 1.92875e-022
-7 0 5.24289e-022
-7 1 1.92875e-022
-7 2 9.60268e-024
-7 3 6.47023e-026
-7 4 5.90009e-029
-7 5 7.28129e-033
-7 6 1.2161e-037
-7 7 2.74879e-043
-7 8 8.4086e-050
-7 9 3.48111e-057
-7 10 1.95039e-065
-6 -10 8.6288e-060
-6 -9 1.54009e-051
-6 -8 3.72008e-044
-6 -7 1.2161e-037
-6 -6 5.38019e-032
-6 -5 3.22134e-027
-6 -4 2.61028e-023
-6 -3 2.86252e-020
-6 -2 4.24835e-018
-6 -1 8.53305e-017
-6 0 2.31952e-016
-6 1 8.53305e-017
-6 2 4.24835e-018
-6 3 2.86252e-020
-6 4 2.61028e-023
-6 5 3.22134e-027
-6 6 5.38019e-032
-6 7 1.2161e-037
-6 8 3.72008e-044
-6 9 1.54009e-051
-6 10 8.6288e-060
-5 -10 5.16642e-055
-5 -9 9.22115e-047
-5 -8 2.22736e-039
-5 -7 7.28129e-033
-5 -6 3.22134e-027
-5 -5 1.92875e-022
-5 -4 1.56288e-018
-5 -3 1.71391e-015
-5 -2 2.54367e-013
-5 -1 5.10909e-012
-5 0 1.38879e-011
-5 1 5.10909e-012
-5 2 2.54367e-013
-5 3 1.71391e-015
-5 4 1.56288e-018
-5 5 1.92875e-022
-5 6 3.22134e-027
-5 7 7.28129e-033
-5 8 2.22736e-039
-5 9 9.22115e-047
-5 10 5.16642e-055
-4 -10 4.18639e-051
-4 -9 7.47197e-043
-4 -8 1.80485e-035
-4 -7 5.90009e-029
-4 -6 2.61028e-023
-4 -5 1.56288e-018
-4 -4 1.26642e-014
-4 -3 1.38879e-011
-4 -2 2.06115e-009
-4 -1 4.13994e-008
-4 0 1.12535e-007
-4 1 4.13994e-008
-4 2 2.06115e-009
-4 3 1.38879e-011
-4 4 1.26642e-014
-4 5 1.56288e-018
-4 6 2.61028e-023
-4 7 5.90009e-029
-4 8 1.80485e-035
-4 9 7.47197e-043
-4 10 4.18639e-051
-3 -10 4.59094e-048
-3 -9 8.19401e-040
-3 -8 1.97926e-032
-3 -7 6.47023e-026
-3 -6 2.86252e-020
-3 -5 1.71391e-015
-3 -4 1.38879e-011
-3 -3 1.523e-008
-3 -2 2.26033e-006
-3 -1 4.53999e-005
-3 0 0.00012341
-3 1 4.53999e-005
-3 2 2.26033e-006
-3 3 1.523e-008
-3 4 1.38879e-011
-3 5 1.71391e-015
-3 6 2.86252e-020
-3 7 6.47023e-026
-3 8 1.97926e-032
-3 9 8.19401e-040
-3 10 4.59094e-048
-2 -10 6.81356e-046
-2 -9 1.2161e-037
-2 -8 2.93748e-030
-2 -7 9.60268e-024
-2 -6 4.24835e-018
-2 -5 2.54367e-013
-2 -4 2.06115e-009
-2 -3 2.26033e-006
-2 -2 0.000335463
-2 -1 0.00673795
-2 0 0.0183156
-2 1 0.00673795
-2 2 0.000335463
-2 3 2.26033e-006
-2 4 2.06115e-009
-2 5 2.54367e-013
-2 6 4.24835e-018
-2 7 9.60268e-024
-2 8 2.93748e-030
-2 9 1.2161e-037
-2 10 6.81356e-046
-1 -10 1.36854e-044
-1 -9 2.4426e-036
-1 -8 5.90009e-029
-1 -7 1.92875e-022
-1 -6 8.53305e-017
-1 -5 5.10909e-012
-1 -4 4.13994e-008
-1 -3 4.53999e-005
-1 -2 0.00673795
-1 -1 0.135335
-1 0 0.367879
-1 1 0.135335
-1 2 0.00673795
-1 3 4.53999e-005
-1 4 4.13994e-008
-1 5 5.10909e-012
-1 6 8.53305e-017
-1 7 1.92875e-022
-1 8 5.90009e-029
-1 9 2.4426e-036
-1 10 1.36854e-044
0 -10 3.72008e-044
0 -9 6.63968e-036
0 -8 1.60381e-028
0 -7 5.24289e-022
0 -6 2.31952e-016
0 -5 1.38879e-011
0 -4 1.12535e-007
0 -3 0.00012341
0 -2 0.0183156
0 -1 0.367879
0 0 1
0 1 0.367879
0 2 0.0183156
0 3 0.00012341
0 4 1.12535e-007
0 5 1.38879e-011
0 6 2.31952e-016
0 7 5.24289e-022
0 8 1.60381e-028
0 9 6.63968e-036
0 10 3.72008e-044
1 -10 1.36854e-044
1 -9 2.4426e-036
1 -8 5.90009e-029
1 -7 1.92875e-022
1 -6 8.53305e-017
1 -5 5.10909e-012
1 -4 4.13994e-008
1 -3 4.53999e-005
1 -2 0.00673795
1 -1 0.135335
1 0 0.367879
1 1 0.135335
1 2 0.00673795
1 3 4.53999e-005
1 4 4.13994e-008
1 5 5.10909e-012
1 6 8.53305e-017
1 7 1.92875e-022
1 8 5.90009e-029
1 9 2.4426e-036
1 10 1.36854e-044
2 -10 6.81356e-046
2 -9 1.2161e-037
2 -8 2.93748e-030
2 -7 9.60268e-024
2 -6 4.24835e-018
2 -5 2.54367e-013
2 -4 2.06115e-009
2 -3 2.26033e-006
2 -2 0.000335463
2 -1 0.00673795
2 0 0.0183156
2 1 0.00673795
2 2 0.000335463
2 3 2.26033e-006
2 4 2.06115e-009
2 5 2.54367e-013
2 6 4.24835e-018
2 7 9.60268e-024
2 8 2.93748e-030
2 9 1.2161e-037
2 10 6.81356e-046
3 -10 4.59094e-048
3 -9 8.19401e-040
3 -8 1.97926e-032
3 -7 6.47023e-026
3 -6 2.86252e-020
3 -5 1.71391e-015
3 -4 1.38879e-011
3 -3 1.523e-008
3 -2 2.26033e-006
3 -1 4.53999e-005
3 0 0.00012341
3 1 4.53999e-005
3 2 2.26033e-006
3 3 1.523e-008
3 4 1.38879e-011
3 5 1.71391e-015
3 6 2.86252e-020
3 7 6.47023e-026
3 8 1.97926e-032
3 9 8.19401e-040
3 10 4.59094e-048
4 -10 4.18639e-051
4 -9 7.47197e-043
4 -8 1.80485e-035
4 -7 5.90009e-029
4 -6 2.61028e-023
4 -5 1.56288e-018
4 -4 1.26642e-014
4 -3 1.38879e-011
4 -2 2.06115e-009
4 -1 4.13994e-008
4 0 1.12535e-007
4 1 4.13994e-008
4 2 2.06115e-009
4 3 1.38879e-011
4 4 1.26642e-014
4 5 1.56288e-018
4 6 2.61028e-023
4 7 5.90009e-029
4 8 1.80485e-035
4 9 7.47197e-043
4 10 4.18639e-051
5 -10 5.16642e-055
5 -9 9.22115e-047
5 -8 2.22736e-039
5 -7 7.28129e-033
5 -6 3.22134e-027
5 -5 1.92875e-022
5 -4 1.56288e-018
5 -3 1.71391e-015
5 -2 2.54367e-013
5 -1 5.10909e-012
5 0 1.38879e-011
5 1 5.10909e-012
5 2 2.54367e-013
5 3 1.71391e-015
5 4 1.56288e-018
5 5 1.92875e-022
5 6 3.22134e-027
5 7 7.28129e-033
5 8 2.22736e-039
5 9 9.22115e-047
5 10 5.16642e-055
6 -10 8.6288e-060
6 -9 1.54009e-051
6 -8 3.72008e-044
6 -7 1.2161e-037
6 -6 5.38019e-032
6 -5 3.22134e-027
6 -4 2.61028e-023
6 -3 2.86252e-020
6 -2 4.24835e-018
6 -1 8.53305e-017
6 0 2.31952e-016
6 1 8.53305e-017
6 2 4.24835e-018
6 3 2.86252e-020
6 4 2.61028e-023
6 5 3.22134e-027
6 6 5.38019e-032
6 7 1.2161e-037
6 8 3.72008e-044
6 9 1.54009e-051
6 10 8.6288e-060
7 -10 1.95039e-065
7 -9 3.48111e-057
7 -8 8.4086e-050
7 -7 2.74879e-043
7 -6 1.2161e-037
7 -5 7.28129e-033
7 -4 5.90009e-029
7 -3 6.47023e-026
7 -2 9.60268e-024
7 -1 1.92875e-022
7 0 5.24289e-022
7 1 1.92875e-022
7 2 9.60268e-024
7 3 6.47023e-026
7 4 5.90009e-029
7 5 7.28129e-033
7 6 1.2161e-037
7 7 2.74879e-043
7 8 8.4086e-050
7 9 3.48111e-057
7 10 1.95039e-065
8 -10 5.9663e-072
8 -9 1.06488e-063
8 -8 2.57221e-056
8 -7 8.4086e-050
8 -6 3.72008e-044
8 -5 2.22736e-039
8 -4 1.80485e-035
8 -3 1.97926e-032
8 -2 2.93748e-030
8 -1 5.90009e-029
8 0 1.60381e-028
8 1 5.90009e-029
8 2 2.93748e-030
8 3 1.97926e-032
8 4 1.80485e-035
8 5 2.22736e-039
8 6 3.72008e-044
8 7 8.4086e-050
8 8 2.57221e-056
8 9 1.06488e-063
8 10 5.9663e-072
9 -10 2.47001e-079
9 -9 4.40853e-071
9 -8 1.06488e-063
9 -7 3.48111e-057
9 -6 1.54009e-051
9 -5 9.22115e-047
9 -4 7.47197e-043
9 -3 8.19401e-040
9 -2 1.2161e-037
9 -1 2.4426e-036
9 0 6.63968e-036
9 1 2.4426e-036
9 2 1.2161e-037
9 3 8.19401e-040
9 4 7.47197e-043
9 5 9.22115e-047
9 6 1.54009e-051
9 7 3.48111e-057
9 8 1.06488e-063
9 9 4.40853e-071
9 10 2.47001e-079
10 -10 1.3839e-087
10 -9 2.47001e-079
10 -8 5.9663e-072
10 -7 1.95039e-065
10 -6 8.6288e-060
10 -5 5.16642e-055
10 -4 4.18639e-051
10 -3 4.59094e-048
10 -2 6.81356e-046
10 -1 1.36854e-044
10 0 3.72008e-044
10 1 1.36854e-044
10 2 6.81356e-046
10 3 4.59094e-048
10 4 4.18639e-051
10 5 5.16642e-055
10 6 8.6288e-060
10 7 1.95039e-065
10 8 5.9663e-072
10 9 2.47001e-079
10 10 1.3839e-087
